r2: 0.957348111567704
mape: 3.325215093443793