r2: 0.994445230225357
mape: 2.2588329096534245