r2: 0.9978572911232085
mape: 0.29441676126757854