r2: 0.9982161508233435
mape: 1.3878829734740756