r2: 0.9819212931735171
mape: 1.3798944008805298