r2: 0.9299801219283683
mape: 4.8104308820285455