r2: 0.9992765382981037
mape: 0.7377815824022812