r2: 0.9932439383534793
mape: 1.6110310570402613