r2: 0.9888779182075742
mape: 1.8057942871470734