r2: 0.9616239226608114
mape: 2.099418136608814