r2: 0.9424060979807779
mape: 1.2867576231047027