r2: 0.9474350343036885
mape: 3.1996812278191387