r2: 0.9958182416537186
mape: 1.4058959277920948