r2: 0.982887195057358
mape: 0.8326871905249986