r2: 0.9953853857050171
mape: 0.8649491395005728