r2: 0.993813260010304
mape: 1.8636311491753061