r2: 0.9987060628896328
mape: 1.1132031212757076